-1.465	0.800
-1.459	0.782
-1.452	0.763
-1.445	0.743
-1.437	0.721
-1.429	0.698
-1.420	0.674
-1.410	0.649
-1.400	0.622
-1.390	0.595
-1.378	0.566
-1.366	0.535
-1.353	0.503
-1.339	0.470
-1.325	0.436
-1.309	0.400
-1.293	0.363
-1.275	0.325
-1.256	0.286
-1.236	0.245
-1.214	0.203
-1.191	0.159
-1.167	0.114
-1.140	0.069
-1.112	0.022
-1.081	-0.026
-1.048	-0.075
-1.012	-0.125
-0.973	-0.176
-0.932	-0.227
-0.886	-0.278
-0.838	-0.329
-0.785	-0.379
-0.727	-0.429
-0.665	-0.476
-0.598	-0.521
-0.526	-0.563
-0.449	-0.600
-0.367	-0.632
-0.280	-0.657
-0.191	-0.675
-0.098	-0.684
-0.004	-0.683
0.089	-0.674
0.182	-0.654
0.271	-0.625
0.356	-0.588
0.435	-0.543
0.509	-0.492
0.576	-0.435
0.637	-0.374
0.691	-0.311
0.738	-0.245
0.780	-0.179
0.816	-0.112
0.846	-0.045
0.872	0.021
0.894	0.086
0.913	0.149
0.928	0.212
0.940	0.272
0.949	0.331
0.956	0.388
0.962	0.444
0.965	0.498
0.967	0.550
0.967	0.600
0.966	0.648
0.964	0.695
0.961	0.740
0.957	0.784
0.953	0.825
0.947	0.866
0.941	0.905
0.935	0.942
0.928	0.978
0.920	1.012
0.912	1.045
0.904	1.077
0.895	1.107
0.886	1.136
0.877	1.163
0.867	1.189
0.858	1.214
0.848	1.238
0.837	1.260
0.827	1.281
0.816	1.301
0.805	1.319
0.795	1.337
0.783	1.353
0.772	1.368
0.761	1.382
0.750	1.394
0.738	1.406
0.726	1.416
0.715	1.425
0.703	1.433
0.691	1.440
0.679	1.446
0.667	1.450
0.655	1.454
0.643	1.456
0.630	1.457
0.618	1.458
0.606	1.457
0.593	1.455
0.581	1.451
0.569	1.447
0.556	1.442
0.543	1.436
0.531	1.428
0.518	1.420
0.506	1.410
0.493	1.399
0.480	1.388
0.468	1.375
0.455	1.361
0.442	1.346
0.429	1.330
0.416	1.313
0.403	1.295
0.391	1.276
0.378	1.256
0.365	1.235
0.352	1.213
0.339	1.190
0.326	1.166
0.313	1.140
0.300	1.114
0.287	1.087
0.274	1.058
0.261	1.029
0.248	0.998
0.235	0.967
0.222	0.935
0.208	0.901
0.195	0.867
0.182	0.831
0.169	0.794
0.156	0.757
0.143	0.718
0.129	0.679
0.116	0.638
0.103	0.596
0.090	0.553
0.076	0.510
0.063	0.465
0.049	0.419
0.036	0.372
0.022	0.324
0.008	0.274
-0.006	0.223
-0.022	0.171
-0.039	0.114
-0.057	0.045
-0.030	-0.045
0.054	-0.056
0.118	-0.023
0.166	0.019
0.208	0.062
0.245	0.104
0.280	0.145
0.314	0.185
0.347	0.224
0.379	0.261
0.411	0.298
0.442	0.333
0.473	0.367
0.504	0.399
0.534	0.431
0.564	0.462
0.594	0.491
0.623	0.519
0.653	0.546
0.682	0.572
0.711	0.597
0.740	0.621
0.768	0.644
0.797	0.665
0.825	0.685
0.853	0.705
0.881	0.723
0.908	0.740
0.936	0.755
0.963	0.770
0.990	0.783
1.016	0.796
1.043	0.807
1.069	0.816
1.095	0.825
1.120	0.833
1.146	0.839
1.171	0.844
1.195	0.848
1.220	0.851
1.244	0.852
1.267	0.853
1.291	0.852
1.313	0.849
1.336	0.846
1.358	0.841
1.380	0.835
1.401	0.828
1.422	0.820
1.442	0.810
1.462	0.799
1.481	0.787
1.500	0.773
1.518	0.758
1.535	0.742
1.552	0.725
1.568	0.706
1.584	0.686
1.598	0.665
1.612	0.642
1.625	0.618
1.638	0.593
1.649	0.567
1.659	0.539
1.669	0.510
1.677	0.479
1.685	0.447
1.691	0.414
1.696	0.380
1.700	0.345
1.702	0.308
1.704	0.270
1.703	0.231
1.702	0.190
1.698	0.149
1.693	0.106
1.687	0.062
1.678	0.017
1.668	-0.029
1.655	-0.075
1.641	-0.123
1.624	-0.172
1.605	-0.221
1.584	-0.271
1.560	-0.322
1.534	-0.372
1.505	-0.424
1.473	-0.475
1.438	-0.527
1.400	-0.578
1.359	-0.629
1.315	-0.680
1.267	-0.730
1.216	-0.779
1.161	-0.826
1.103	-0.872
1.041	-0.916
0.976	-0.958
0.906	-0.998
0.834	-1.034
0.757	-1.067
0.677	-1.096
0.594	-1.121
0.508	-1.140
0.419	-1.155
0.328	-1.164
0.234	-1.166
0.139	-1.162
0.043	-1.150
-0.053	-1.131
-0.149	-1.104
-0.244	-1.069
-0.336	-1.025
-0.426	-0.973
-0.511	-0.913
-0.591	-0.844
-0.665	-0.768
-0.732	-0.684
-0.790	-0.594
-0.840	-0.497
-0.879	-0.396
-0.908	-0.291
-0.925	-0.183
-0.931	-0.074
-0.925	0.034
-0.907	0.142
-0.877	0.247
-0.836	0.347
-0.784	0.442
-0.722	0.530
-0.651	0.611
-0.571	0.682
-0.484	0.744
-0.391	0.796
-0.293	0.836
-0.191	0.865
-0.087	0.883
0.018	0.889
0.123	0.882
0.227	0.865
0.327	0.836
0.424	0.796
0.516	0.746
0.602	0.686
0.681	0.617
0.752	0.540
0.814	0.456
0.868	0.366
0.911	0.270
0.945	0.171
0.968	0.069
0.980	-0.035
0.982	-0.139
0.974	-0.243
0.956	-0.346
0.929	-0.446
0.892	-0.542
0.847	-0.635
0.794	-0.722
0.734	-0.804
0.667	-0.880
0.595	-0.950
0.518	-1.013
0.437	-1.069
0.353	-1.118
0.266	-1.160
0.178	-1.195
0.088	-1.223
-0.002	-1.244
-0.092	-1.260
-0.182	-1.269
-0.271	-1.272
-0.358	-1.270
-0.444	-1.262
-0.528	-1.250
-0.609	-1.233
-0.688	-1.213
-0.764	-1.188
-0.837	-1.160
-0.908	-1.129
-0.975	-1.095
-1.040	-1.059
-1.101	-1.021
-1.159	-0.980
-1.214	-0.938
-1.266	-0.895
-1.316	-0.851
-1.362	-0.805
-1.405	-0.759
-1.445	-0.712
-1.483	-0.665
-1.517	-0.617
-1.549	-0.570
-1.579	-0.522
-1.606	-0.475
-1.631	-0.428
-1.653	-0.381
-1.673	-0.335
-1.691	-0.289
-1.707	-0.244
-1.720	-0.199
-1.732	-0.155
-1.742	-0.113
-1.750	-0.070
-1.756	-0.029
-1.761	0.011
-1.764	0.050
-1.765	0.088
-1.765	0.125
-1.764	0.162
-1.761	0.197
-1.757	0.230
-1.751	0.263
-1.745	0.295
-1.737	0.325
-1.728	0.354
-1.718	0.382
-1.707	0.409
-1.694	0.434
-1.681	0.459
-1.667	0.482
-1.652	0.504
-1.636	0.524
-1.620	0.544
-1.602	0.562
-1.584	0.578
-1.565	0.594
-1.545	0.608
-1.525	0.622
-1.504	0.633
-1.482	0.644
-1.459	0.653
-1.437	0.661
-1.413	0.668
-1.389	0.674
-1.364	0.678
-1.339	0.681
-1.313	0.683
-1.287	0.684
-1.260	0.683
-1.233	0.681
-1.206	0.678
-1.178	0.674
-1.149	0.668
-1.120	0.661
-1.091	0.653
-1.061	0.644
-1.031	0.634
-1.001	0.622
-0.970	0.609
-0.939	0.595
-0.908	0.580
-0.876	0.564
-0.844	0.546
-0.812	0.527
-0.779	0.507
-0.746	0.486
-0.712	0.463
-0.679	0.440
-0.645	0.415
-0.610	0.389
-0.576	0.362
-0.541	0.333
-0.505	0.303
-0.470	0.272
-0.433	0.239
-0.397	0.206
-0.359	0.170
-0.321	0.133
-0.282	0.094
-0.241	0.053
-0.197	0.009
-0.145	-0.039
-0.072	-0.084
0.027	-0.090
0.102	-0.029
0.128	0.050
0.129	0.124
0.118	0.190
0.102	0.250
0.084	0.305
0.065	0.358
0.045	0.408
0.024	0.456
0.003	0.502
-0.017	0.546
-0.038	0.589
-0.059	0.630
-0.081	0.671
-0.102	0.709
-0.123	0.747
-0.144	0.784
-0.165	0.819
-0.186	0.853
-0.207	0.886
-0.228	0.918
-0.249	0.948
-0.270	0.978
-0.291	1.007
-0.312	1.034
-0.333	1.060
-0.354	1.085
-0.375	1.109
-0.396	1.132
-0.417	1.154
-0.437	1.175
-0.458	1.194
-0.479	1.213
-0.499	1.230
-0.520	1.247
-0.541	1.262
-0.561	1.276
-0.581	1.289
-0.602	1.300
-0.622	1.311
-0.642	1.321
-0.662	1.329
-0.683	1.336
-0.702	1.342
-0.722	1.347
-0.742	1.351
-0.762	1.354
-0.781	1.355
-0.801	1.355
-0.820	1.354
-0.840	1.352
-0.859	1.349
-0.878	1.344
-0.896	1.338
-0.915	1.331
-0.934	1.323
-0.952	1.314
-0.970	1.303
-0.988	1.291
-1.005	1.278
-1.023	1.263
-1.040	1.247
-1.057	1.230
-1.073	1.211
-1.090	1.191
-1.105	1.170
-1.121	1.147
-1.136	1.123
-1.151	1.098
-1.165	1.071
-1.179	1.042
-1.192	1.012
-1.205	0.981
-1.217	0.948
-1.228	0.914
-1.239	0.878
-1.249	0.841
-1.258	0.802
-1.266	0.762
-1.273	0.720
-1.280	0.676
-1.285	0.631
-1.289	0.584
-1.291	0.536
-1.292	0.486
-1.292	0.434
-1.290	0.381
-1.286	0.327
-1.280	0.270
-1.272	0.213
-1.262	0.154
-1.249	0.094
-1.234	0.032
-1.216	-0.030
-1.194	-0.094
-1.170	-0.158
-1.141	-0.223
-1.109	-0.287
-1.074	-0.352
-1.034	-0.417
-0.990	-0.481
-0.941	-0.543
-0.888	-0.604
-0.831	-0.663
-0.769	-0.720
-0.703	-0.773
-0.632	-0.823
-0.558	-0.868
-0.481	-0.909
-0.400	-0.945
-0.316	-0.976
-0.231	-1.001
-0.144	-1.021
-0.056	-1.034
0.032	-1.042
0.120	-1.044
0.207	-1.041
0.293	-1.032
0.377	-1.019
0.459	-1.000
0.539	-0.978
0.616	-0.952
0.690	-0.922
0.761	-0.889
0.830	-0.854
0.895	-0.817
0.957	-0.777
1.016	-0.737
1.072	-0.695
1.125	-0.652
1.175	-0.608
1.223	-0.564
1.268	-0.520
1.310	-0.476
1.350	-0.432
1.388	-0.388
1.424	-0.344
1.458	-0.301
1.489	-0.258
1.519	-0.216
1.547	-0.175
1.574	-0.135
1.599	-0.095
1.622	-0.057
1.644	-0.019
1.665	0.018
1.685	0.054
1.703	0.089
1.720	0.122
1.736	0.155
1.751	0.187
1.765	0.217
1.778	0.247
1.790	0.275
1.802	0.303
1.812	0.329
1.822	0.354
1.831	0.378
1.839	0.401
1.847	0.422
1.853	0.443
1.859	0.462
1.865	0.481
1.870	0.498
1.874	0.514
1.878	0.529
1.881	0.543
1.883	0.555
1.885	0.567
1.886	0.577
1.887	0.586
1.887	0.594
1.887	0.601
1.886	0.607
1.885	0.611
1.883	0.614
1.881	0.617
1.878	0.618
1.874	0.618
1.870	0.617
1.866	0.614
1.861	0.611
1.855	0.606
1.849	0.600
1.843	0.593
1.835	0.585
1.828	0.576
1.819	0.565
1.810	0.553
1.801	0.541
1.790	0.526
1.780	0.511
1.768	0.495
1.756	0.477
1.743	0.459
1.730	0.439
1.715	0.418
1.700	0.396
1.684	0.372
1.668	0.347
1.650	0.322
1.632	0.295
1.612	0.267
1.592	0.237
1.570	0.207
1.547	0.175
1.523	0.143
1.498	0.109
1.472	0.074
1.443	0.038
1.414	0.001
1.382	-0.037
1.349	-0.076
1.314	-0.116
1.276	-0.157
1.236	-0.198
1.194	-0.241
1.149	-0.283
1.101	-0.326
1.050	-0.369
0.995	-0.412
0.936	-0.454
0.873	-0.495
0.805	-0.535
0.733	-0.572
0.655	-0.607
0.572	-0.637
0.483	-0.662
0.389	-0.681
0.288	-0.691
0.184	-0.691
0.075	-0.678
-0.036	-0.649
-0.145	-0.604
-0.249	-0.539
-0.344	-0.453
-0.423	-0.348
-0.479	-0.226
-0.507	-0.092
-0.503	0.047
-0.466	0.181
-0.396	0.302
-0.300	0.401
-0.184	0.473
-0.057	0.515
0.073	0.527
0.200	0.512
0.318	0.473
0.423	0.414
0.515	0.340
0.591	0.255
0.651	0.162
0.698	0.064
0.730	-0.036
0.750	-0.137
0.758	-0.237
0.757	-0.335
0.746	-0.429
0.728	-0.521
0.702	-0.608
0.671	-0.691
0.634	-0.770
0.593	-0.845
0.548	-0.915
0.500	-0.981
0.449	-1.043
0.396	-1.101
0.341	-1.155
0.284	-1.205
0.227	-1.251
0.169	-1.294
0.110	-1.334
0.051	-1.370
-0.009	-1.403
-0.068	-1.434
-0.128	-1.462
-0.187	-1.487
-0.245	-1.509
-0.303	-1.530
-0.361	-1.548
-0.417	-1.564
-0.473	-1.578
-0.529	-1.591
-0.583	-1.602
-0.636	-1.611
-0.689	-1.619
-0.740	-1.625
-0.790	-1.630
-0.840	-1.634
-0.888	-1.636
-0.935	-1.638
-0.981	-1.638
-1.026	-1.638
-1.070	-1.637
-1.112	-1.635
-1.154	-1.632
-1.194	-1.629
-1.233	-1.625
-1.271	-1.621
-1.308	-1.616
-1.344	-1.610
-1.378	-1.604
-1.412	-1.598
-1.444	-1.591
-1.475	-1.585
-1.505	-1.577
-1.533	-1.570
-1.561	-1.562
-1.587	-1.555
-1.612	-1.547
-1.636	-1.538
-1.659	-1.530
-1.681	-1.522
-1.702	-1.514
-1.721	-1.506
-1.740	-1.497
-1.757	-1.489
-1.773	-1.481
-1.788	-1.472
-1.802	-1.464
-1.815	-1.456
-1.827	-1.448
-1.838	-1.441
-1.848	-1.433
-1.856	-1.426
-1.864	-1.418
-1.870	-1.411
-1.875	-1.404
-1.880	-1.397
-1.883	-1.390
-1.885	-1.384
-1.886	-1.378
-1.886	-1.371
-1.885	-1.366
-1.883	-1.360
-1.879	-1.354
-1.875	-1.349
-1.870	-1.344
-1.863	-1.339
-1.856	-1.334
-1.847	-1.330
-1.837	-1.326
-1.826	-1.322
-1.815	-1.318
-1.802	-1.314
-1.788	-1.311
-1.773	-1.308
-1.757	-1.305
-1.740	-1.302
-1.721	-1.299
-1.702	-1.297
-1.681	-1.295
-1.660	-1.292
-1.637	-1.290
-1.613	-1.288
-1.588	-1.286
-1.562	-1.285
-1.535	-1.283
-1.507	-1.281
-1.477	-1.279
-1.447	-1.278
-1.415	-1.276
-1.382	-1.274
-1.348	-1.272
-1.313	-1.270
-1.277	-1.268
-1.239	-1.266
-1.200	-1.264
-1.160	-1.261
-1.119	-1.258
-1.077	-1.254
-1.033	-1.250
-0.988	-1.246
-0.942	-1.241
-0.895	-1.235
-0.846	-1.229
-0.796	-1.221
-0.745	-1.213
-0.692	-1.204
-0.639	-1.194
-0.584	-1.183
-0.528	-1.170
-0.471	-1.156
-0.413	-1.140
-0.353	-1.123
-0.293	-1.103
-0.232	-1.082
-0.171	-1.058
-0.108	-1.031
-0.045	-1.002
0.018	-0.969
0.081	-0.933
0.143	-0.894
0.205	-0.850
0.266	-0.802
0.325	-0.750
0.381	-0.692
0.434	-0.630
0.483	-0.563
0.527	-0.492
0.566	-0.416
0.598	-0.336
0.622	-0.253
0.638	-0.168
0.646	-0.082
0.645	0.005
0.634	0.090
0.615	0.173
0.588	0.253
0.554	0.328
0.513	0.399
0.465	0.464
0.413	0.522
0.357	0.575
0.297	0.622
0.235	0.663
0.171	0.697
0.106	0.726
0.041	0.749
-0.025	0.767
-0.091	0.780
-0.157	0.789
-0.222	0.792
-0.286	0.792
-0.348	0.788
-0.410	0.780
-0.471	0.768
-0.530	0.754
-0.587	0.735
-0.643	0.714
-0.698	0.690
-0.750	0.664
-0.801	0.635
-0.850	0.603
-0.897	0.569
-0.942	0.533
-0.985	0.494
-1.026	0.454
-1.065	0.411
-1.102	0.367
-1.137	0.321
-1.169	0.274
-1.199	0.225
-1.227	0.175
-1.253	0.123
-1.277	0.070
-1.298	0.016
-1.317	-0.039
-1.333	-0.095
-1.347	-0.152
-1.359	-0.209
-1.368	-0.267
-1.375	-0.326
-1.380	-0.385
-1.382	-0.444
-1.382	-0.504
-1.380	-0.564
-1.375	-0.623
-1.368	-0.683
-1.358	-0.743
-1.347	-0.802
-1.333	-0.861
-1.317	-0.919
-1.299	-0.977
-1.279	-1.035
-1.257	-1.092
-1.233	-1.148
-1.207	-1.203
-1.179	-1.258
-1.150	-1.311
-1.118	-1.364
-1.085	-1.415
-1.051	-1.466
-1.015	-1.515
-0.977	-1.563
-0.938	-1.610
-0.898	-1.656
-0.857	-1.701
-0.815	-1.744
-0.771	-1.786
-0.726	-1.826
-0.681	-1.865
-0.635	-1.903
-0.588	-1.939
-0.540	-1.974
-0.491	-2.008
-0.442	-2.040
-0.393	-2.071
-0.343	-2.100
-0.292	-2.129
-0.241	-2.155
-0.190	-2.181
-0.139	-2.205
-0.088	-2.227
-0.037	-2.249
0.015	-2.269
0.066	-2.288
0.118	-2.306
0.169	-2.322
0.220	-2.337
0.271	-2.352
0.322	-2.365
0.372	-2.377
0.422	-2.387
0.472	-2.397
0.521	-2.406
0.570	-2.414
0.618	-2.420
0.666	-2.426
0.714	-2.431
0.760	-2.435
0.807	-2.438
0.852	-2.440
0.897	-2.442
0.942	-2.443
0.985	-2.443
1.028	-2.442
1.071	-2.441
1.112	-2.439
1.153	-2.436
1.193	-2.432
1.233	-2.429
1.271	-2.424
1.309	-2.419
1.346	-2.413
1.382	-2.407
1.417	-2.401
1.452	-2.394
1.486	-2.386
1.518	-2.378
1.550	-2.370
1.581	-2.362
1.611	-2.353
1.640	-2.343
1.669	-2.334
1.696	-2.324
1.722	-2.314
1.748	-2.303
1.772	-2.292
1.796	-2.281
1.818	-2.270
1.840	-2.258
1.861	-2.247
1.880	-2.235
1.899	-2.223
1.917	-2.211
1.934	-2.199
1.950	-2.186
1.965	-2.174
1.979	-2.161
1.992	-2.149
2.004	-2.136
2.015	-2.123
2.025	-2.110
2.034	-2.097
2.042	-2.084
2.049	-2.071
2.055	-2.058
2.060	-2.045
2.064	-2.032
2.067	-2.019
2.069	-2.006
2.070	-1.993
2.071	-1.980
2.070	-1.967
2.068	-1.955
2.065	-1.942
2.061	-1.929
2.056	-1.916
2.050	-1.903
2.043	-1.891
2.035	-1.878
2.026	-1.865
2.016	-1.853
2.005	-1.840
1.993	-1.828
1.980	-1.815
1.966	-1.803
1.951	-1.790
1.935	-1.778
1.918	-1.766
1.899	-1.753
1.880	-1.741
1.860	-1.729
1.838	-1.717
1.816	-1.704
1.792	-1.692
1.768	-1.680
1.742	-1.668
1.716	-1.655
1.688	-1.643
1.659	-1.631
1.629	-1.618
1.598	-1.606
1.566	-1.593
1.533	-1.580
1.499	-1.567
1.464	-1.554
1.427	-1.541
1.390	-1.528
1.351	-1.514
1.312	-1.501
1.271	-1.486
1.229	-1.472
1.186	-1.457
1.142	-1.442
1.097	-1.427
1.050	-1.410
1.003	-1.394
0.954	-1.377
0.904	-1.359
0.853	-1.340
0.800	-1.320
0.747	-1.300
0.692	-1.278
0.636	-1.256
0.579	-1.232
0.521	-1.206
0.461	-1.179
0.401	-1.150
0.339	-1.119
0.276	-1.086
0.212	-1.050
0.147	-1.010
0.081	-0.967
0.015	-0.920
-0.051	-0.869
-0.117	-0.811
-0.183	-0.748
-0.246	-0.676
-0.306	-0.597
-0.361	-0.507
-0.408	-0.406
-0.442	-0.293
-0.457	-0.169
-0.447	-0.036
-0.402	0.099
-0.314	0.222
-0.185	0.313
-0.025	0.350
0.139	0.318
0.274	0.224
0.359	0.087
0.388	-0.065
0.367	-0.211
0.311	-0.338
0.231	-0.442
0.139	-0.523
0.040	-0.585
-0.061	-0.630
-0.160	-0.662
-0.258	-0.683
-0.352	-0.695
-0.442	-0.701
-0.529	-0.702
-0.612	-0.698
-0.691	-0.691
-0.768	-0.682
-0.841	-0.671
-0.912	-0.659
-0.980	-0.645
-1.045	-0.631
-1.108	-0.616
-1.169	-0.601
-1.228	-0.586
-1.285	-0.570
-1.340	-0.556
-1.394	-0.541
-1.446	-0.526
-1.497	-0.513
-1.546	-0.499
-1.594	-0.486
-1.641	-0.474
-1.687	-0.462
-1.731	-0.451
-1.774	-0.440
-1.816	-0.430
-1.857	-0.421
-1.897	-0.413
-1.937	-0.406
-1.975	-0.399
-2.012	-0.393
-2.048	-0.388
-2.084	-0.383
-2.118	-0.379
-2.152	-0.377
-2.184	-0.375
-2.216	-0.373
-2.247	-0.373
-2.277	-0.374
-2.306	-0.375
-2.334	-0.377
-2.362	-0.380
-2.388	-0.384
-2.414	-0.388
-2.438	-0.394
-2.462	-0.400
-2.485	-0.407
-2.507	-0.415
-2.529	-0.424
-2.549	-0.434
-2.569	-0.444
-2.587	-0.456
-2.605	-0.468
-2.622	-0.481
-2.637	-0.494
-2.652	-0.509
-2.666	-0.524
-2.679	-0.541
-2.692	-0.557
-2.703	-0.575
-2.713	-0.594
-2.722	-0.613
-2.730	-0.633
-2.738	-0.654
-2.744	-0.675
-2.749	-0.698
-2.753	-0.721
-2.757	-0.744
-2.759	-0.769
-2.760	-0.794
-2.760	-0.819
-2.758	-0.846
-2.756	-0.873
-2.752	-0.900
-2.748	-0.928
-2.742	-0.957
-2.735	-0.987
-2.727	-1.017
-2.718	-1.047
-2.707	-1.078
-2.695	-1.109
-2.682	-1.141
-2.668	-1.174
-2.652	-1.207
-2.635	-1.240
-2.617	-1.273
-2.597	-1.307
-2.576	-1.341
-2.554	-1.376
-2.530	-1.410
-2.505	-1.445
-2.478	-1.480
-2.450	-1.515
-2.420	-1.550
-2.389	-1.585
-2.356	-1.620
-2.322	-1.655
-2.286	-1.690
-2.249	-1.725
-2.210	-1.759
-2.170	-1.794
-2.128	-1.828
-2.084	-1.861
-2.039	-1.894
-1.992	-1.927
-1.944	-1.959
-1.894	-1.991
-1.843	-2.022
-1.790	-2.052
-1.735	-2.081
-1.679	-2.109
-1.621	-2.137
-1.562	-2.163
-1.501	-2.188
-1.439	-2.213
-1.376	-2.236
-1.311	-2.257
-1.244	-2.278
-1.176	-2.296
-1.107	-2.314
-1.037	-2.330
-0.966	-2.344
-0.893	-2.356
-0.820	-2.366
-0.745	-2.375
-0.670	-2.381
-0.593	-2.385
-0.516	-2.388
-0.438	-2.388
-0.360	-2.386
-0.281	-2.382
-0.202	-2.375
-0.122	-2.367
-0.042	-2.356
0.037	-2.342
0.117	-2.326
0.196	-2.308
0.276	-2.287
0.354	-2.264
0.433	-2.238
0.510	-2.209
0.587	-2.179
0.662	-2.145
0.737	-2.109
0.811	-2.071
0.883	-2.030
0.954	-1.987
1.023	-1.942
1.090	-1.895
1.156	-1.845
1.220	-1.794
1.282	-1.740
1.341	-1.685
1.399	-1.628
1.454	-1.569
1.507	-1.509
1.558	-1.448
1.606	-1.385
1.652	-1.321
1.695	-1.256
1.736	-1.190
1.774	-1.124
1.809	-1.056
1.842	-0.988
1.872	-0.920
1.900	-0.852
1.925	-0.783
1.947	-0.714
1.967	-0.645
1.984	-0.576
1.999	-0.508
2.011	-0.440
2.021	-0.372
2.028	-0.305
2.033	-0.239
2.035	-0.173
2.035	-0.108
2.033	-0.044
2.029	0.020
2.023	0.082
2.015	0.143
2.004	0.203
1.992	0.262
1.978	0.319
1.962	0.376
1.945	0.431
1.925	0.484
1.904	0.537
1.882	0.588
1.858	0.637
1.832	0.685
1.805	0.731
1.777	0.776
1.747	0.820
1.716	0.861
1.684	0.901
1.650	0.940
1.615	0.976
1.579	1.012
1.542	1.045
1.504	1.077
1.465	1.107
1.425	1.135
1.384	1.162
1.342	1.187
1.299	1.210
1.255	1.231
1.211	1.251
1.166	1.268
1.120	1.284
1.073	1.299
1.025	1.311
0.977	1.321
0.928	1.330
0.879	1.337
0.828	1.342
0.778	1.345
0.727	1.346
0.675	1.345
0.623	1.342
0.570	1.337
0.517	1.331
0.463	1.322
0.409	1.311
0.354	1.297
0.299	1.282
0.244	1.264
0.188	1.243
0.132	1.220
0.076	1.195
0.020	1.166
-0.036	1.135
-0.092	1.100
-0.149	1.063
-0.205	1.021
-0.260	0.977
-0.315	0.928
-0.368	0.875
-0.420	0.818
-0.471	0.756
-0.519	0.689
-0.564	0.616
-0.604	0.539
-0.640	0.455
-0.670	0.367
-0.692	0.273
-0.706	0.175
-0.710	0.074
-0.703	-0.029
-0.685	-0.133
-0.654	-0.235
-0.612	-0.333
-0.558	-0.427
-0.494	-0.513
-0.422	-0.592
-0.342	-0.661
-0.258	-0.721
-0.170	-0.772
-0.079	-0.815
0.012	-0.849
0.103	-0.876
0.193	-0.896
0.282	-0.910
0.370	-0.920
0.455	-0.925
0.538	-0.926
0.618	-0.925
0.697	-0.920
0.773	-0.914
0.847	-0.906
0.918	-0.896
0.988	-0.886
1.055	-0.874
1.121	-0.862
1.185	-0.849
1.247	-0.836
1.307	-0.822
1.366	-0.809
1.423	-0.795
1.478	-0.782
1.533	-0.769
1.585	-0.756
1.637	-0.744
1.687	-0.731
1.736	-0.720
